Number of planted biclusters: 10
Bicluster coverage: 8.48%
Missing values on dataset: 0.0%
Noise values on dataset: 0.0%
Errors on dataset: 0.0%


Bicluster #0 (9, 11)
Rows=[13,17,22,23,36,52,56,57,88], Columns=[8,9,10,11,12,13,14,15,16,17,18], RowPattern=None, ColumnPattern=OrderPreserving, TimeProfile=Monotonically Decreasing, %Missings=0, %Noise=0, %Errors=0, PlaidCoherency=No Overlapping

X	y8	y9	y10	y11	y12	y13	y14	y15	y16	y17	y18
x13	72.58	61.99	20.67	0.87	-16.87	-38.2	-42.59	-61.12	-78.38	-82.41	-97.46
x17	83.89	81.68	77.32	38.69	37.41	17.01	15.28	-14.71	-53.36	-53.37	-77.64
x22	98.79	97.91	69.95	51.99	38.66	28	27.88	20.21	5.24	-30.07	-86.28
x23	40.21	36.87	4.36	-29.76	-39.18	-43.49	-44.89	-54.53	-57.68	-70.98	-74.91
x36	82.51	62.4	60.12	55.57	45.92	43.48	-12.75	-49.76	-64.68	-83.74	-92.18
x52	67.33	46.07	37.94	29.86	27.28	4.01	-12.32	-18.94	-46.23	-67.34	-93.22
x56	86.52	63.95	33.05	-4.54	-27.32	-29.78	-42.35	-47.73	-61.56	-68.56	-78.79
x57	59.41	54.97	37.7	26.59	25.29	4.72	-1.49	-3.54	-87.13	-91.98	-98.84
x88	60.6	52.78	36.89	27.77	24.06	-27.07	-34.69	-49.54	-52.85	-76.49	-95.46

Bicluster #1 (4, 18)
Rows=[10,13,39,88], Columns=[57,58,59,60,61,62,63,64,65,66,67,68,69,70,71,72,73,74], RowPattern=None, ColumnPattern=OrderPreserving, TimeProfile=Monotonically Decreasing, %Missings=0, %Noise=0, %Errors=0, PlaidCoherency=No Overlapping

X	y57	y58	y59	y60	y61	y62	y63	y64	y65	y66	y67	y68	y69	y70	y71	y72	y73	y74
x10	94.41	85.87	84.03	75	63.85	63.44	51.23	11.73	-23.43	-39.36	-40.06	-43.2	-45.45	-87.05	-89.61	-95.04	-96.15	-96.27
x13	83.23	72.3	72.23	65.47	50.17	46.31	36.7	24.63	21.13	19.1	13.05	9.15	-2.75	-22.18	-23.99	-58.09	-58.65	-63.76
x39	77.24	63.73	51.62	49.47	47.48	40.53	20.51	1.5	1.22	-5.95	-24.14	-25.28	-73.61	-74.56	-77.05	-79.71	-81.74	-87.1
x88	92	87.87	80.16	79.24	77.05	47.04	25.15	16.2	14.65	-2.7	-16.64	-32.8	-37.32	-51.96	-55.26	-64.23	-72.7	-84.48

Bicluster #2 (5, 12)
Rows=[47,49,60,66,75], Columns=[62,63,64,65,66,67,68,69,70,71,72,73], RowPattern=None, ColumnPattern=OrderPreserving, TimeProfile=Monotonically Decreasing, %Missings=0, %Noise=0, %Errors=0, PlaidCoherency=No Overlapping

X	y62	y63	y64	y65	y66	y67	y68	y69	y70	y71	y72	y73
x47	75.12	73.92	27.84	18.03	4.95	-3.07	-27.2	-52.4	-54.96	-75.65	-76.26	-76.78
x49	91.83	51.01	40.76	10.46	-0	-43.84	-53.71	-59.52	-72.99	-77.29	-77.52	-93.3
x60	45.53	43.31	41.67	39.21	34.44	28.22	-10.18	-28.9	-39.86	-43.75	-47.37	-90.99
x66	86.86	77.73	74.46	66.38	57.08	-4.7	-42.53	-65.25	-67.02	-69.5	-87.23	-91.45
x75	94.16	87.89	71.82	51.94	3.99	-13.92	-27.99	-40.66	-50.06	-54.84	-60.3	-94.83

Bicluster #3 (1, 13)
Rows=[91], Columns=[6,7,8,9,10,11,12,13,14,15,16,17,18], RowPattern=None, ColumnPattern=OrderPreserving, TimeProfile=Monotonically Decreasing, %Missings=0, %Noise=0, %Errors=0, PlaidCoherency=No Overlapping

X	y6	y7	y8	y9	y10	y11	y12	y13	y14	y15	y16	y17	y18
x91	64.68	29.77	28.79	25.64	19.07	9.19	-0.37	-0.57	-48.54	-69.51	-89.3	-90.83	-94.11

Bicluster #4 (10, 18)
Rows=[1,3,8,48,65,68,73,76,77,85], Columns=[24,25,26,27,28,29,30,31,32,33,34,35,36,37,38,39,40,41], RowPattern=None, ColumnPattern=OrderPreserving, TimeProfile=Monotonically Decreasing, %Missings=0, %Noise=0, %Errors=0, PlaidCoherency=No Overlapping

X	y24	y25	y26	y27	y28	y29	y30	y31	y32	y33	y34	y35	y36	y37	y38	y39	y40	y41
x1	92.95	83.95	73.32	70.18	58.61	45.29	38.21	31.57	31.52	23.74	20.53	12.87	-13.78	-29.18	-29.69	-32.22	-56.88	-70.13
x3	92.7	87.91	68.44	59.53	56.69	51.64	45.06	26.92	10.94	9.92	8.65	5.44	4.21	-11.62	-62.61	-67.84	-88.02	-91.22
x8	99.65	74.23	59.12	57.07	52.84	34.38	23.78	-7.47	-27.16	-28.29	-40.34	-40.57	-46.72	-48.49	-50.93	-79.5	-83.67	-84.13
x48	97.19	90.73	90.07	88.73	78.68	74.77	59.18	48.65	30.84	24.79	19.49	16.32	7.8	-5.15	-21.82	-68.16	-76.07	-93.79
x65	98.56	93.39	55.7	44.88	40.96	24.27	17.71	15.39	9.72	0.39	-6.89	-9.34	-17.8	-18.21	-19.49	-71.49	-79.04	-97.64
x68	93.79	85.42	73.59	64.69	55.11	53.38	51.94	40.21	26.78	17.28	1.62	1.55	-17.72	-23.05	-31.81	-41.2	-78.77	-90.57
x73	99.23	92.14	91.89	77.05	74.24	73	71.58	59.24	55.09	38.2	26.44	18.59	4.87	0.47	-51.7	-53.62	-58.16	-70.79
x76	97	66.48	54.92	39.24	36.74	33.37	26.25	23.48	12.65	9.52	0.42	-3.44	-10.95	-11.91	-21.73	-22.83	-24.73	-61.52
x77	99.55	92.66	84.26	77.96	74.3	56.14	31.06	24.96	21.45	16.27	-9.05	-15.04	-23.88	-40.08	-43.53	-50.52	-88.3	-96.74
x85	48.17	43.37	42.77	39.86	37.1	30.06	30.04	25.87	12.19	-1.51	-6.45	-11.06	-26.36	-36.06	-53.55	-54.32	-75.01	-87.99

Bicluster #5 (3, 10)
Rows=[50,54,82], Columns=[55,56,57,58,59,60,61,62,63,64], RowPattern=None, ColumnPattern=OrderPreserving, TimeProfile=Monotonically Decreasing, %Missings=0, %Noise=0, %Errors=0, PlaidCoherency=No Overlapping

X	y55	y56	y57	y58	y59	y60	y61	y62	y63	y64
x50	93.99	43.65	37.29	12.62	-0.07	-10.96	-16.1	-19.75	-52.8	-55.84
x54	95.38	89.99	31.11	18.67	14.29	-19.63	-45.52	-72.18	-89.84	-96.25
x82	91.71	76.26	49.92	29.53	25.38	-0.85	-2.44	-2.49	-44	-65.87

Bicluster #6 (3, 18)
Rows=[69,85,94], Columns=[43,44,45,46,47,48,49,50,51,52,53,54,55,56,57,58,59,60], RowPattern=None, ColumnPattern=OrderPreserving, TimeProfile=Monotonically Decreasing, %Missings=0, %Noise=0, %Errors=0, PlaidCoherency=No Overlapping

X	y43	y44	y45	y46	y47	y48	y49	y50	y51	y52	y53	y54	y55	y56	y57	y58	y59	y60
x69	95.05	93.36	56.37	32.96	29.28	26.74	20.42	11.37	10.11	1.68	-15.55	-16.1	-20.22	-58.3	-62.81	-65.19	-65.59	-80.21
x85	77.35	71.92	61.25	42.75	39.5	35.53	8.87	4.54	-2.55	-15.59	-16.05	-18.17	-40.48	-43.65	-49.63	-58.87	-66.39	-76.08
x94	63.23	61.2	59.5	56.78	46.35	19.46	19.45	18.36	15.67	13.21	-1.19	-3.08	-12.19	-15.44	-18.58	-29.74	-38.21	-82.54

Bicluster #7 (12, 11)
Rows=[3,7,20,27,31,37,41,43,46,55,65,92], Columns=[6,7,8,9,10,11,12,13,14,15,16], RowPattern=None, ColumnPattern=OrderPreserving, TimeProfile=Monotonically Decreasing, %Missings=0, %Noise=0, %Errors=0, PlaidCoherency=No Overlapping

X	y6	y7	y8	y9	y10	y11	y12	y13	y14	y15	y16
x3	97.4	84.73	74.5	73.38	72.8	70.28	17.65	-21.87	-39.01	-46.66	-72.01
x7	88.3	79.62	32.04	28.85	-30.96	-36.51	-54.59	-60.71	-70.46	-86.8	-98.37
x20	89.61	68.46	42.51	21.89	19.15	-13.41	-35.01	-35.62	-63.13	-80.85	-95.42
x27	87.99	74.83	67.43	57.42	47.69	45.11	40.69	32.93	-49.64	-69.29	-87.41
x31	87.48	72.92	64.88	44.05	40.27	10.97	-4.13	-40.22	-44.56	-55.28	-91.42
x37	94.84	92.22	71.23	38.23	22.54	15.12	12.83	-20.55	-68.53	-83.6	-95.45
x41	62.62	33.65	33.54	27.9	18.93	0.69	-0.1	-19.54	-26.84	-76.58	-97.81
x43	99.3	72.1	65.95	64.79	42.27	3.93	0.39	-26.31	-83.53	-90.18	-97.29
x46	68.93	53.61	38.06	37.16	10.45	0.87	-21.24	-29.81	-55.6	-77.82	-81.77
x55	78.18	74.31	72.04	3.37	-4.93	-14.99	-17.29	-18.45	-32.78	-61.4	-74.66
x65	96.19	95.64	62.75	60.94	26.8	26.61	10.93	-0.61	-18.29	-51.33	-93.12
x92	68.11	62.11	29	22.11	-14.52	-25.64	-35.94	-61.23	-63.84	-81.06	-93.18

Bicluster #8 (5, 13)
Rows=[15,16,79,92,93], Columns=[53,54,55,56,57,58,59,60,61,62,63,64,65], RowPattern=None, ColumnPattern=OrderPreserving, TimeProfile=Monotonically Decreasing, %Missings=0, %Noise=0, %Errors=0, PlaidCoherency=No Overlapping

X	y53	y54	y55	y56	y57	y58	y59	y60	y61	y62	y63	y64	y65
x15	99.95	99.6	97.32	69.52	68.47	59.13	56.75	55.24	37.85	6.49	-22.98	-67.46	-86.72
x16	90.71	53.59	32.93	29.87	26.74	23.51	-13.1	-17.18	-28.55	-37.43	-42.13	-78.99	-92.28
x79	92.24	77.71	72.75	71.22	46.78	30.69	13.59	12.29	-49.73	-56.62	-58.93	-62.17	-76.38
x92	97.66	89.59	73.8	67.04	50.54	44.56	43.3	18.64	-5.38	-51.37	-71.49	-77.95	-99.7
x93	86.86	29.48	23.03	14.29	-11.91	-21.51	-31.31	-38.28	-43.08	-51.32	-65.87	-89.92	-96.79

Bicluster #9 (11, 13)
Rows=[4,10,24,30,40,43,44,78,89,95,99], Columns=[32,33,34,35,36,37,38,39,40,41,42,43,44], RowPattern=None, ColumnPattern=OrderPreserving, TimeProfile=Monotonically Decreasing, %Missings=0, %Noise=0, %Errors=0, PlaidCoherency=No Overlapping

X	y32	y33	y34	y35	y36	y37	y38	y39	y40	y41	y42	y43	y44
x4	62.86	59.61	38.84	13.29	7.06	6.46	-20.37	-25.58	-34.19	-55.97	-86.08	-87.09	-94.94
x10	83.61	52.85	40.39	-7.62	-9.63	-28.1	-33.12	-49.06	-67.3	-83.85	-84.02	-90.18	-94.06
x24	67.76	67.63	14.72	11.67	-11.42	-14.15	-45.38	-65.86	-77.57	-77.93	-82.66	-95	-95.8
x30	94.58	88.72	85.53	71.9	63.13	60.15	35.08	-2.23	-31.35	-35.46	-45.25	-83.35	-90.34
x40	67.43	66.71	43.35	39.17	9.21	-9.78	-22.84	-38.27	-59.91	-67.47	-73.67	-75.85	-86.7
x43	96.07	61.75	-1.38	-2.4	-35.62	-40.24	-41.83	-48.62	-53.8	-59.58	-78.62	-90.79	-94.38
x44	92.86	51.29	50.6	37.9	35.12	32.13	25.64	13.9	-11.62	-18.5	-23.37	-46.17	-57.74
x78	95.34	91.81	69.73	62.3	2.56	-11.14	-20.11	-31.38	-65.55	-66.17	-69.57	-72.19	-77.55
x89	45.08	20.8	3.05	-0.54	-1.51	-38.46	-47.17	-50.92	-68.84	-76.95	-85.26	-94.39	-98.21
x95	98.06	85.24	83.77	81.35	76.71	39.26	-9.62	-20.89	-56.21	-62.35	-78.23	-81.21	-88.86
x99	94.88	94.66	65.52	51.81	8.31	-25.18	-26.65	-27.49	-55.22	-56.1	-56.41	-63.11	-68.88

